1.203
1.616
1010.071
1010.715
1025.387
15806.582
29468.333
0.247
0.379
0.92
1031.814
1048.729
14321.359
14666.849
16288.386
28681.139
0.222
0.34
0.442
1018.815
1040.482
13918.837
14432.655
15211.224
30230.59
0.145
0.343
0.755
999.677
1024.948
13222.706
14931.208
15250.99
27673.167
0.946
1.187
1007.719
1019.808
11466.516
29512.888
0.815
1.028
1.904
1005.755
1037.462
14231.841
14972.862
15425.019
0.127
0.31
1.267
1044.795
10991.51
15309.631
15572.195
25408.463
0.176
0.251
0.274
1021.53
1024.808
10417.394
12973.718
15244.236
26427.064
0.09
0.295
1.495
1043.713
12607.865
13235.362
14023.875
27409.315
0.193
0.439
1.013
1040.626
14298.213
14463.372
14980.427
31453.579
0.339
0.586
0.846
1013.109
1031.827
14183.432
15708.981
30459.567
0.481
1.106
1.928
1019.805
11907.463
13361.084
29449.19
0.222
1.013
1.501
982.275
1020.939
13473.629
14889.23
16249.476
28402.735
0.089
0.496
2.511
1019.88
12587.652
13196.944
13198.29
26393.586
0.188
0.292
1.053
1024.155
14148.104
14221.471
14708.515
28438.815
0.211
0.318
1.384
1012.159
11722.331
14325.94
15219.128
26384.792
0.165
1.176
1.307
986.726
1019.583
14022.587
15642.417
26374.019
0.17
0.223
0.855
1012.56
1024.83
13533.12
15024.942
15256.845
28447.077
0.176
0.38
2.083
1018.915
13614.699
14041.124
28427.454
0.127
0.172
1.124
1014.759
11364.963
12908.535
17267.817
26435.755
0.177
0.671
1.423
1018.6
1079.513
11271.349
29470.129
0.25
0.31
1.145
1023.613
1029.355
11872.353
15515.148
17265.084
27342.755
0.161
0.425
0.927
1027.481
13087.92
14523.91
17253.765
27397.002
0.168
0.235
1.006
1031.657
12851.811
13192.206
14458.364
27387.853
0.17
0.517
0.906
1013.298
11907.824
13339.274
14193.56
25440.338
0.149
0.73
1.023
1027.184
10950.658
11235.023
15258.12
27699.844
0.293
0.621
1.413
1029.876
10794.007
13251.725
19274.435
29461.949
0.23
0.293
2.063
1021.168
10464.932
12120.769
15228.762
23313.764
0.193
0.578
0.965
903.301
1036.209
12697.624
14115.226
14261.313
29417.123
0.19
1.015
2.607
1023.718
1038.269
10680.266
14116.941
28448.863
